dat=[491.069	0.014;
506.413	0.086;
519.372	0.176;
528.578	0.239;
539.259	0.324;
551.534	0.418;
562.227	0.527;
569.839	0.617;
578.255	0.720;
587.461	0.842;
593.599	0.946;
599.736	1.055;
608.943	1.208;
618.149	1.371;
624.287	1.497;
628.830	1.609;
634.968	1.699;
638.840	1.878;
641.908	2.049;
644.977	2.230;
644.282	2.414;
644.618	2.557;
643.826	2.755;
642.340	2.962;
636.994	3.309;
633.925	3.575;
630.856	3.831;
627.787	4.002;
624.718	4.164;
621.649	4.362;
617.789	4.560;
612.443	4.802;
604.040	5.166;
600.971	5.292;
596.416	5.458;
591.081	5.611;
586.526	5.774;
581.407	5.913;
569.240	6.003;
558.547	6.178;
549.341	6.336;
539.451	6.494;
527.284	6.687;
514.325	6.890;
501.474	7.106;
486.238	7.335;
473.280	7.525;
464.073	7.686;
454.184	7.835;
444.977	7.988];
